   0.0080239247
   0.0206793268
   0.0268168869
   0.0175589402
   0.0054284295
   0.0244498572
   0.0141842340
   0.0087882831
   0.0133336403
   0.0213126294
   0.0287199438
   0.0103673134
   0.0205741780
   0.0279018785
   0.0112218528
  -0.0051581509
  -0.0020937750
  -0.0194444621
  -0.0093825088
  -0.0300502876
  -0.0183827348
  -0.0339904023
  -0.0165410105
  -0.0319877214
  -0.0206424959
  -0.0071992752
  -0.0236843693
  -0.0137687679
  -0.0110824141
   0.0057182893
   0.0197219588
   0.0031868138
   0.0130579410
   0.0001990483
   0.0090306795
   0.0046454889
   0.0031749364
   0.0142712006
   0.0053027320
   0.0023124469
   0.0044463264
  -0.0031863840
   0.0147559825
  -0.0088871017
   0.0021167092
   0.0009351855
   0.0092825896
  -0.0274133551
  -0.0334311021
  -0.0137353913
  -0.0342552958
  -0.0418332977
  -0.0145746552
  -0.0393396444
  -0.0468808596
  -0.0454133413
  -0.0298895378
  -0.0450738147
  -0.0484370391
  -0.0439509931
  -0.0063096826
  -0.0366672683
  -0.0454433644
  -0.0440521836
  -0.0281344551
  -0.0285250413
  -0.0380143078
  -0.0188000650
   0.0026034957
   0.0154587603
   0.0207182973
   0.0014957311
   0.0050080123
   0.0094747064
  -0.0029499752
   0.0038998259
  -0.0059383889
   0.0197304608
   0.0092961401
  -0.0241827954
  -0.0364258579
  -0.0434798820
  -0.0305021789
  -0.0436296884
  -0.0516668967
  -0.0506272133
  -0.0391539173
  -0.0472145222
  -0.0535925240
  -0.0537973522
  -0.0497496808
  -0.0438899084
  -0.0515549505
  -0.0505147691
  -0.0377248086
  -0.0376577090
  -0.0432596543
  -0.0277458251
  -0.0121077514
  -0.0242816043
   0.0064764668
   0.0061920817
   0.0058508190
   0.0148854368
   0.0043683200
   0.0059000680
   0.0113496600
  -0.0058241901
   0.0084017385
   0.0128786610
   0.0125439787
   0.0058259183
   0.0063431154
  -0.0034127064
  -0.0009488665
   0.0059215128
   0.0000004947
  -0.0195193811
   0.0036426579
  -0.0001036283
   0.0452456238
   0.0365875821
   0.0595241196
   0.0541085968
   0.0434542969
   0.0152429617
   0.0615635976
   0.0543154525
   0.0437794564
   0.0183291288
   0.0460267860
   0.0367516243
   0.0256714112
   0.0372466101
   0.0122771720
   0.0303138051
   0.0391625244
   0.0458980530
   0.0648502398
   0.0116300121
   0.0301908794
   0.0389455123
   0.0449305502
   0.0589602504
   0.0247337503
   0.0360552982
  -0.0183158269
   0.0036027167
  -0.0249242768
  -0.0062707763
   0.0057866046
   0.0105483458
   0.0011228698
   0.0073650109
   0.0091692647
   0.0070368078
   0.0065553898
   0.0079919224
   0.0073547234
  -0.0020677330
   0.0063908205
   0.0090587342
   0.0072401929
   0.0065453495
  -0.0082513303
   0.0056371632
   0.0100754606
   0.0092658640
  -0.0150058549
   0.0047514591
   0.0055745227
  -0.0098891100
   0.0110437395
   0.0042722858
   0.0114865603
   0.0050724606
  -0.0223127201
   0.0068081661
  -0.0078414120
   0.0036656236
   0.0043486371
  -0.0005430222
   0.0010589581
   0.0023498756
   0.0016757645
   0.0038571955
  -0.0028236094
  -0.0187064371
   0.0043983306
  -0.0089628475
   0.0021105089
  -0.0084331081
   0.0057851799
  -0.0172191451
   0.0006223542
   0.0055978894
  -0.0177280136
   0.0002725243
  -0.0088018071
   0.0044464909
  -0.0073530923
   0.0038224106
  -0.0036379523
  -0.0248417314
   0.0036893631
   0.0040717548
  -0.0034144757
  -0.0006614551
   0.0029642501
   0.0022037038
   0.0031233761
   0.0081152531
   0.0166724182
   0.0204981164
   0.0121408915
   0.0394362724
   0.0382038410
   0.0010777685
   0.0195503529
   0.0111837244
   0.0086950963
   0.0105219980
   0.0006767357
   0.0160466597
   0.0221069473
   0.0163414800
   0.0066985415
   0.0148360023
   0.0211455032
   0.0086668254
  -0.0021265725
  -0.0016854413
  -0.0111900761
  -0.0044235383
  -0.0089657599
  -0.0182713849
  -0.0106141245
  -0.0208611832
  -0.0170723387
   0.0050246290
  -0.0210650440
  -0.0177856937
   0.0043308535
  -0.0199595391
  -0.0127396832
  -0.0051415413
  -0.0143926962
  -0.0079126390
   0.0041540176
  -0.0062721615
   0.0041367912
   0.0118240172
   0.0016013066
   0.0081166822
   0.0048416437
   0.0028338630
   0.0031770198
   0.0089416523
   0.0030395049
   0.0029095274
   0.0007788757
  -0.0048995325
   0.0086765606
  -0.0072537756
  -0.0001612143
  -0.0001648261
  -0.0099863511
   0.0048373041
  -0.0199637866
  -0.0244842812
  -0.0103911231
  -0.0243122283
  -0.0307498062
  -0.0089651409
  -0.0281045904
  -0.0355167608
  -0.0341643991
  -0.0253994317
  -0.0357126420
  -0.0378587168
  -0.0322168682
  -0.0240145332
  -0.0350605642
  -0.0373784327
  -0.0319653868
  -0.0012271613
  -0.0248720510
  -0.0336334207
  -0.0325220602
  -0.0199421890
  -0.0190852584
  -0.0270291208
  -0.0132354369
   0.0021339726
   0.0093228804
   0.0123363085
   0.0000135314
   0.0041493368
   0.0045526200
   0.0012180183
  -0.0055056582
   0.0116954406
   0.0045064533
  -0.0174123360
  -0.0256492091
  -0.0317737870
  -0.0215658602
  -0.0392728234
  -0.0383103159
  -0.0272015119
  -0.0347426640
  -0.0419614125
  -0.0428993343
  -0.0395336180
  -0.0345366601
  -0.0419365945
  -0.0428488483
  -0.0393827877
  -0.0315596819
  -0.0393144094
  -0.0379008558
  -0.0270985699
  -0.0314533718
  -0.0188101486
  -0.0174179082
   0.0054966362
   0.0037103178
   0.0025800002
   0.0091581192
   0.0040373862
   0.0041636133
   0.0094576033
   0.0086454816
   0.0101157215
   0.0084351173
   0.0037856426
   0.0035667120
  -0.0044668863
  -0.0021924695
   0.0012176557
   0.0029229150
   0.0034416988
   0.0030565301
   0.0029481474
  -0.0016718565
   0.0340388685
   0.0238514571
   0.0452530442
   0.0402023500
   0.0286500398
   0.0027546643
   0.0510711508
   0.0452696728
   0.0375889626
   0.0215304485
   0.0465760275
   0.0405922174
   0.0297440194
   0.0085341827
   0.0344339603
   0.0248207164
   0.0261308630
   0.0327576095
   0.0188562312
   0.0283880728
   0.0343187410
   0.0413807138
   0.0208163380
   0.0292373525
   0.0345019409
   0.0398673050
   0.0524627006
   0.0183605553
   0.0280520164
   0.0336129384
   0.0390296678
   0.0251199920
   0.0306809428
  -0.0237615418
  -0.0049980952
   0.0042313594
  -0.0164920729
  -0.0064880429
   0.0024067546
   0.0068030132
   0.0077749920
   0.0000946192
   0.0036539416
   0.0065206348
   0.0057145521
   0.0051051494
   0.0036470554
   0.0052215933
   0.0045753614
  -0.0024434109
   0.0023738161
   0.0061334915
   0.0056151433
   0.0052413420
   0.0032670873
  -0.0092898877
   0.0017202639
   0.0064851886
   0.0070568750
  -0.0249405914
  -0.0045609662
   0.0043907763
   0.0083889331
  -0.0017334846
   0.0047374192
  -0.0067160057
   0.0087955842
   0.0046051882
  -0.0079702281
   0.0091140223
   0.0054867232
  -0.0050384680
   0.0060475337
  -0.0004719133
   0.0012511473
   0.0017187257
  -0.0011781699
  -0.0022097895
   0.0013154877
  -0.0002554625
   0.0006611061
   0.0016399470
  -0.0025888621
  -0.0115791963
  -0.0192224667
   0.0017797100
   0.0015592371
  -0.0048625731
  -0.0185750848
  -0.0191317674
  -0.0070301697
  -0.0129394638
  -0.0016261739
  -0.0080723188
   0.0001095671
  -0.0133564661
  -0.0019476870
  -0.0070540478
   0.0014209214
  -0.0046316415
  -0.0193339284
   0.0014586518
  -0.0036117855
  -0.0159083910
   0.0016186336
   0.0013217017
  -0.0031428601
  -0.0049517733
   0.0014342659
   0.0004928249
   0.0009568753
   0.0007515200
   0.0076817234
   0.0140052379
   0.0163544154
   0.0091281486
   0.0293721621
   0.0289475862
   0.0255008533
   0.0138570054
   0.0004118874
   0.0161605276
   0.0093897668
   0.0081820009
   0.0089587594
   0.0022814555
   0.0129322261
   0.0178348408
   0.0123297165
   0.0284206997
   0.0090559240
   0.0116176236
   0.0273671824
   0.0054404982
   0.0116242936
   0.0167972668
   0.0073548887
  -0.0001630490
  -0.0061735317
  -0.0012511733
  -0.0056523341
  -0.0110254736
  -0.0056130076
  -0.0132501877
  -0.0103306827
  -0.0147003664
  -0.0097579228
  -0.0134910595
  -0.0112460872
   0.0043793760
  -0.0124792496
  -0.0075052812
  -0.0032114166
  -0.0086364989
  -0.0040269898
   0.0034542998
  -0.0031535329
   0.0034908912
   0.0078020641
   0.0013676996
   0.0055957520
   0.0022206404
   0.0030981969
   0.0061786017
   0.0024184581
   0.0032320448
  -0.0007259603
  -0.0049594532
   0.0054594620
  -0.0056016879
  -0.0009352427
  -0.0002081289
  -0.0069703529
   0.0027281344
  -0.0148591872
  -0.0186067062
  -0.0176782170
  -0.0238034840
  -0.0095896479
  -0.0233724738
  -0.0283060395
  -0.0261510112
  -0.0005818516
  -0.0213499353
  -0.0288435388
  -0.0299291519
  -0.0238957805
  -0.0203067365
  -0.0282705663
  -0.0295056062
  -0.0237579276
  -0.0042410682
  -0.0208654395
  -0.0266594189
  -0.0247897517
  -0.0150028333
  -0.0131450488
  -0.0205973218
   0.0013228057
   0.0058841104
   0.0079454333
  -0.0005439021
   0.0029858277
   0.0020410060
  -0.0000120572
  -0.0048375767
   0.0073700227
   0.0021015052
  -0.0129371190
  -0.0191870270
  -0.0248271374
  -0.0158127879
  -0.0311358308
  -0.0312513759
  -0.0241167729
  -0.0264428568
  -0.0335583894
  -0.0350163005
  -0.0325662641
  -0.0335837227
  -0.0349676818
  -0.0323964711
  -0.0240295647
  -0.0312906690
  -0.0308856269
  -0.0207316627
  -0.0244525406
  -0.0128688401
   0.0043062231
   0.0028089880
   0.0015652139
   0.0060460967
   0.0033502253
   0.0023265587
   0.0067176770
  -0.0194853373
  -0.0028292179
   0.0042693019
   0.0069344010
   0.0064730295
   0.0072811138
   0.0061188163
   0.0028286812
   0.0024437885
  -0.0044255438
  -0.0005717497
   0.0012240737
   0.0010491357
   0.0009776007
  -0.0026752896
  -0.0128494117
   0.0015123586
   0.0007143413
  -0.0057128082
  -0.0020309049
   0.0280549413
   0.0176143586
   0.0368337625
   0.0306983473
   0.0178839208
   0.0414270786
   0.0359005477
   0.0273612478
   0.0096763946
   0.0376888332
   0.0312933590
   0.0196733965
   0.0220176540
   0.0284343593
   0.0204169091
   0.0266286926
   0.0316582732
   0.0398883716
   0.0116417002
   0.0213910495
   0.0270192433
   0.0313746516
   0.0374892990
   0.0086132931
   0.0200226971
   0.0261619635
   0.0306044341
   0.0364958050
   0.0209668845
   0.0264167133
  -0.0084405861
   0.0010152948
  -0.0092284082
  -0.0006950005
   0.0041556731
   0.0061173710
  -0.0016793216
   0.0016997885
   0.0047283345
   0.0042624572
   0.0037102738
   0.0022088992
   0.0034929457
   0.0028594244
  -0.0041675981
   0.0004406210
   0.0042839574
   0.0041011329
   0.0038830653
   0.0019603779
  -0.0123846087
  -0.0015880468
   0.0037795913
   0.0055598618
   0.0046929745
  -0.0080904118
   0.0012584864
   0.0057594800
  -0.0024956669
   0.0049663166
  -0.0010483800
   0.0076757021
   0.0048602636
  -0.0017038178
   0.0053895473
  -0.0001531975
  -0.0014433967
  -0.0001726024
   0.0001430990
  -0.0027536290
  -0.0034995434
   0.0003055084
  -0.0014574093
  -0.0006204261
   0.0001440894
  -0.0035048074
  -0.0109628339
   0.0006115587
   0.0001709291
  -0.0053205923
  -0.0166179730
  -0.0076578908
  -0.0108361173
  -0.0024046554
  -0.0074762697
  -0.0010317345
  -0.0110786150
  -0.0025793564
  -0.0074986311
   0.0000273219
  -0.0051366611
  -0.0170028660
  -0.0000912037
  -0.0043867137
  -0.0142658438
   0.0004303945
  -0.0002700290
  -0.0046326389
  -0.0060988885
   0.0006177740
  -0.0006229724
  -0.0003497727
  -0.0006131323
   0.0069831283
   0.0118909082
   0.0133195040
   0.0072031897
   0.0227154932
   0.0199835418
   0.0085304763
   0.0318682577
   0.0227516516
   0.0191174969
   0.0100985575
   0.0006099815
   0.0135327688
   0.0080572169
   0.0074630810
   0.0078650866
   0.0031775984
   0.0108294317
   0.0147438320
   0.0100389096
   0.0183560805
   0.0226427977
   0.0323894693
   0.0304115775
   0.0090709748
   0.0180553633
   0.0215732818
   0.0048511257
   0.0095802995
   0.0137259158
   0.0065016590
   0.0010246531
  -0.0031153565
   0.0006520198
  -0.0033240738
  -0.0065017720
  -0.0024440706
  -0.0071189911
  -0.0080571759
  -0.0009693961
  -0.0084433623
  -0.0084712581
   0.0003837912
  -0.0083216680
  -0.0087422097
   0.0000347495
  -0.0088449407
  -0.0020035735
  -0.0077504714
  -0.0040863837
  -0.0017724570
  -0.0050320607
  -0.0015580175
   0.0033003411
  -0.0011927377
   0.0030661369
   0.0053818016
   0.0014124411
   0.0040317886
   0.0019677043
   0.0028325322
   0.0044127657
   0.0021969870
   0.0032196037
  -0.0013162522
  -0.0045799517
   0.0035065254
  -0.0042792312
  -0.0012243692
   0.0000087269
  -0.0050409552
   0.0016373245
  -0.0113161383
  -0.0143775771
  -0.0130506143
  -0.0180454320
   0.0007184330
  -0.0110881045
  -0.0192481408
  -0.0220946870
  -0.0200582954
  -0.0062311211
  -0.0184388079
  -0.0233809669
  -0.0236562169
  -0.0132245776
  -0.0214454404
  -0.0243333234
  -0.0232580132
  -0.0032256955
  -0.0170479593
  -0.0224923637
  -0.0229822794
  -0.0183129309
  -0.0072166785
  -0.0169237245
  -0.0203653821
  -0.0185780738
  -0.0112560573
  -0.0090777832
  -0.0150824949
   0.0005072313
   0.0037104122
   0.0053160286
  -0.0008629592
   0.0018901642
   0.0006466742
  -0.0079183616
  -0.0006650381
  -0.0042530147
  -0.0075440147
   0.0047766099
   0.0007936445
  -0.0099549082
  -0.0144462415
  -0.0188252803
  -0.0119833114
  -0.0238555311
  -0.0247058113
  -0.0204769440
  -0.0264565602
  -0.0283016899
  -0.0267071400
  -0.0206495828
  -0.0271812699
  -0.0292520577
  -0.0286311308
  -0.0250721989
  -0.0265997731
  -0.0282431712
  -0.0264133678
  -0.0241600756
  -0.0243709881
  -0.0190582497
  -0.0157576091
  -0.0184363589
  -0.0098281054
   0.0031940906
   0.0006137307
   0.0023329257
   0.0012348924
   0.0041094127
   0.0026065370
   0.0024735443
   0.0016585609
   0.0040673179
   0.0047671663
   0.0055717474
   0.0018893293
   0.0048201924
   0.0057999946
   0.0053452530
   0.0045523798
   0.0021294937
   0.0022005381
   0.0018617698
  -0.0041506022
  -0.0029269005
  -0.0061209202
  -0.0015721304
  -0.0003683080
  -0.0002154692
  -0.0030376286
   0.0001814409
  -0.0002166498
   0.0000768834
  -0.0004605512
  -0.0054869205
  -0.0020982298
   0.0298789539
   0.0242857433
   0.0131028700
   0.0332481433
   0.0278782481
   0.0187926529
   0.0336501440
   0.0281775823
   0.0194038849
   0.0309423556
   0.0251470672
   0.0152657425
   0.0170460959
   0.0225538682
   0.0270851607
   0.0148752863
   0.0208863483
   0.0250490657
   0.0291769217
   0.0363497620
   0.0146872555
   0.0207275221
   0.0248131178
   0.0286729973
   0.0349014792
   0.0164766625
   0.0219173808
   0.0258376053
   0.0174670596
  -0.0083858991
  -0.0008219348
   0.0035003360
  -0.0123014449
  -0.0071233635
  -0.0009842748
   0.0028832474
   0.0045087747
  -0.0015980437
   0.0007920708
   0.0033410578
   0.0032504239
   0.0027862282
   0.0013674901
   0.0023344152
   0.0017263094
  -0.0035711413
  -0.0003722903
   0.0028563469
   0.0030630372
   0.0028922144
   0.0010347016
  -0.0099872454
  -0.0020173522
   0.0024068413
   0.0040387985
   0.0034651143
  -0.0091797937
  -0.0009831694
   0.0032192303
   0.0050908995
   0.0036115345
  -0.0014043362
   0.0045942845
   0.0008218702
   0.0047374253
   0.0011041186
  -0.0076813353
   0.0039474017
  -0.0005743809
  -0.0011679083
  -0.0010662887
  -0.0009008758
  -0.0030750074
  -0.0033629453
  -0.0005519277
  -0.0018204307
  -0.0013141589
  -0.0008266836
  -0.0036199374
  -0.0088602369
  -0.0137544432
  -0.0005348385
  -0.0008630925
  -0.0045525894
  -0.0117419160
  -0.0074423046
  -0.0105100339
  -0.0034669256
  -0.0178352752
  -0.0067826044
  -0.0017733837
  -0.0180024848
  -0.0068535656
  -0.0018227475
  -0.0106050713
  -0.0035139124
  -0.0010406506
  -0.0048110664
  -0.0129262770
   0.0000860773
  -0.0011258308
  -0.0046002982
  -0.0118078181
  -0.0006075284
  -0.0013195687
  -0.0046467572
  -0.0052876432
  -0.0002972526
  -0.0010926213
  -0.0010859324
  -0.0014411439
