   0.0139512169
   0.0141983627
   0.0174191616
   0.0034796830
   0.0128655399
  -0.0041548996
   0.0239948899
   0.0125532206
   0.0027631742
  -0.0089058660
  -0.0287981755
  -0.0240843515
  -0.0082109459
  -0.0369015826
  -0.0431041535
  -0.0416715409
  -0.0267014546
  -0.0162205830
  -0.0414121382
  -0.0477968573
  -0.0495580184
  -0.0468066676
  -0.0290610390
  -0.0284057215
  -0.0444930382
  -0.0490400861
  -0.0493048856
  -0.0389288721
   0.0055573635
  -0.0326246283
  -0.0431732371
  -0.0419126310
  -0.0240950050
  -0.0122379102
  -0.0307114904
  -0.0088952909
   0.0050692246
   0.0062754360
   0.0049322660
  -0.0169993854
  -0.0134786378
  -0.0226683834
  -0.0169860643
   0.0089209765
  -0.0168205379
  -0.0226985509
  -0.0071980396
  -0.0163171805
  -0.0134211418
  -0.0016831729
  -0.0036892418
   0.0091772540
   0.0061268202
   0.0109848897
  -0.0051479200
   0.0090565138
   0.0134340375
   0.0142543100
  -0.0096080043
   0.0084978781
   0.0135732295
   0.0137360535
  -0.0039491147
   0.0096894649
   0.0121679104
   0.0075553897
   0.0178958441
   0.0153036656
   0.0165339750
   0.0165691325
   0.0182623735
   0.0151685302
   0.0124325126
   0.0147024472
   0.0164379542
   0.0156402769
   0.0105292899
  -0.0019977025
   0.0156648183
   0.0149983693
   0.0100789461
   0.0164638629
   0.0177825106
   0.0149681678
   0.0074954816
   0.0195315832
   0.0131848262
   0.0175695727
   0.0174551066
   0.0161318761
   0.0299781599
   0.0209968857
   0.0393603737
   0.0314130394
   0.0308717207
   0.0390993697
   0.0275476679
   0.0317826874
   0.0303253443
   0.0053785748
   0.0144148027
   0.0168078329
   0.0039570791
   0.0089175744
   0.0118484777
   0.0125587123
   0.0128445812
   0.0007945182
   0.0120335072
   0.0129757796
   0.0102800956
   0.0115093577
   0.0029370323
   0.0092030096
   0.0150760664
   0.0078063256
  -0.0006699466
  -0.0043225730
  -0.0190724661
  -0.0153341844
  -0.0012827350
  -0.0250205889
  -0.0313842914
  -0.0294472242
  -0.0165682437
  -0.0020618113
  -0.0277954954
  -0.0358346710
  -0.0379111336
  -0.0359906853
  -0.0259381357
  -0.0123240244
  -0.0314749975
  -0.0381580299
  -0.0401792078
  -0.0388225827
  -0.0299443748
  -0.0213190183
  -0.0341032229
  -0.0384959052
  -0.0378802168
  -0.0289717394
  -0.0004979746
  -0.0244524796
  -0.0329339416
  -0.0314464057
  -0.0183867943
  -0.0105615252
  -0.0231784489
  -0.0038762197
   0.0032238039
   0.0044457924
   0.0048062821
  -0.0092023489
  -0.0078443373
  -0.0141300962
  -0.0110992162
   0.0049691653
  -0.0142259003
  -0.0143160128
  -0.0017523443
  -0.0116045006
  -0.0129196341
  -0.0003769791
  -0.0070933793
  -0.0067002398
   0.0104390848
   0.0106797333
   0.0028669259
   0.0003258449
   0.0075537877
  -0.0081780225
   0.0035329649
   0.0090599000
   0.0111750066
  -0.0063319393
   0.0053263653
   0.0099466511
   0.0113571492
  -0.0182729127
   0.0010411734
   0.0083551084
   0.0105493798
  -0.0070911566
   0.0034586709
   0.0083616759
   0.0052480850
   0.0138974310
   0.0117651692
   0.0131922436
   0.0129188037
   0.0142762371
   0.0140655274
   0.0114305940
   0.0098654179
   0.0117518261
   0.0134480665
   0.0139145572
   0.0123060303
   0.0073704782
   0.0132040067
   0.0122264849
   0.0084319119
   0.0108557962
   0.0041088742
   0.0134558453
   0.0132501679
   0.0106704948
   0.0031949921
   0.0125346930
   0.0141827051
   0.0141565809
   0.0115067110
   0.0074993147
   0.0141504768
   0.0098001432
   0.0124286696
   0.0141232176
   0.0133514729
   0.0125072197
   0.0202647996
   0.0159609351
   0.0283283777
   0.0234112039
   0.0067955189
   0.0228396448
   0.0306144448
   0.0248277201
   0.0042168911
   0.0152172596
   0.0273316214
   0.0276462551
   0.0182263336
   0.0239877673
   0.0200271167
   0.0053222181
   0.0137793568
   0.0036784597
   0.0076704913
   0.0104342517
   0.0114719042
  -0.0001096736
   0.0102323539
   0.0106486343
   0.0100815704
   0.0025652021
   0.0082140097
   0.0073863399
   0.0082963014
   0.0024450672
   0.0069342005
  -0.0008959497
   0.0097911709
   0.0048104671
  -0.0020512279
  -0.0143239401
  -0.0112797237
  -0.0177508488
  -0.0244950000
  -0.0243772609
  -0.0173174450
  -0.0198555611
  -0.0280597286
  -0.0306254960
  -0.0297346103
  -0.0237806973
  -0.0065182685
  -0.0234107102
  -0.0302745999
  -0.0326159148
  -0.0319992664
  -0.0267117987
  -0.0152536601
  -0.0263502919
  -0.0309107239
  -0.0311807317
  -0.0261939540
  -0.0133473749
   0.0007809245
  -0.0187259771
  -0.0263245958
  -0.0248386746
  -0.0136078289
  -0.0073694718
  -0.0178755603
  -0.0010573228
   0.0038908674
   0.0042172676
  -0.0048215575
  -0.0043422132
  -0.0029138049
  -0.0097658166
  -0.0055298534
   0.0064326918
  -0.0029663508
  -0.0103436573
  -0.0083987500
   0.0018859722
  -0.0084712340
  -0.0072206419
   0.0031149254
  -0.0047905583
  -0.0019169820
   0.0106753494
   0.0080620292
   0.0041971384
   0.0017212344
  -0.0008779121
   0.0056657622
   0.0087184061
  -0.0132316994
   0.0004981809
   0.0063903349
   0.0088921910
   0.0101133328
  -0.0047780118
   0.0042201452
   0.0078553129
   0.0094618708
  -0.0092926036
   0.0015216022
   0.0067924989
   0.0111644848
   0.0089676019
   0.0103784534
   0.0104582309
   0.0117245005
   0.0114101262
   0.0088086113
   0.0091616740
   0.0108145734
   0.0116714936
   0.0113488281
   0.0091283819
   0.0036901805
   0.0113751008
   0.0098843935
   0.0080407514
   0.0114048199
   0.0114929617
   0.0105316839
   0.0072685474
   0.0112866137
   0.0119185629
   0.0110460580
   0.0081268549
   0.0108696254
   0.0102397864
   0.0114821285
   0.0105948246
   0.0099378478
   0.0155169556
   0.0114247647
   0.0220214898
   0.0179698564
   0.0050113914
   0.0184870299
   0.0237926120
   0.0188323638
   0.0028381909
   0.0135238551
   0.0218407711
   0.0211057825
   0.0133252838
   0.0192226402
   0.0145190403
   0.0034922402
   0.0067973553
  -0.0033879060
   0.0087507533
   0.0087614917
   0.0090980270
   0.0096130297
   0.0095850783
   0.0078690339
   0.0024888808
   0.0089813850
   0.0099389368
   0.0089917762
   0.0014333609
   0.0065324140
   0.0052914429
   0.0063529133
   0.0020676380
   0.0054107267
  -0.0000265025
  -0.0058144014
  -0.0050500717
   0.0064660443
   0.0028962149
  -0.0025586008
  -0.0097423196
  -0.0073698090
  -0.0114058761
  -0.0175401821
  -0.0184211327
  -0.0146180068
  -0.0128091946
  -0.0207030347
  -0.0236174319
  -0.0234030982
  -0.0197257546
  -0.0147376193
  -0.0223270153
  -0.0256774140
  -0.0265971085
  -0.0253058994
  -0.0207311015
  -0.0066097174
  -0.0184749766
  -0.0243860811
  -0.0267895826
  -0.0267471935
  -0.0237214492
  -0.0158410895
  -0.0125207415
  -0.0204616355
  -0.0244752793
  -0.0252444676
  -0.0226303006
  -0.0156273147
  -0.0025589536
  -0.0148003290
  -0.0207376393
  -0.0194352249
  -0.0109673980
  -0.0065574446
  -0.0141034987
   0.0004860141
   0.0030703837
   0.0033515442
  -0.0018706094
  -0.0020287275
   0.0038348927
  -0.0032245744
  -0.0058721408
  -0.0022745714
   0.0051323992
  -0.0036616191
  -0.0071574003
  -0.0046247648
   0.0029219033
  -0.0058528411
  -0.0063475549
  -0.0016397474
   0.0073971098
  -0.0047341832
  -0.0028712066
   0.0047179868
  -0.0016280305
   0.0011123775
   0.0085203896
   0.0050636758
   0.0047149807
   0.0025113394
  -0.0006566485
   0.0045838355
   0.0075480894
  -0.0027009573
   0.0035447666
   0.0066654792
   0.0083510295
  -0.0042206556
   0.0028540230
   0.0062515519
   0.0079558529
  -0.0056018275
   0.0023239549
   0.0059548973
   0.0079537650
   0.0003545634
   0.0053045841
   0.0091747363
   0.0074619163
   0.0084040150
   0.0088140775
   0.0098164222
   0.0094922154
   0.0075207383
   0.0079888845
   0.0093965901
   0.0100685469
   0.0097383172
   0.0079151181
   0.0039659842
   0.0100676713
   0.0095576439
   0.0076247357
   0.0027849403
   0.0095586898
   0.0077542221
   0.0033286959
   0.0100198217
   0.0099395709
   0.0088277790
   0.0059392110
   0.0095723514
   0.0100221095
   0.0093375270
   0.0073424679
   0.0054440085
   0.0081378183
   0.0084927070
   0.0093937808
   0.0086790213
   0.0079893586
   0.0111210777
   0.0163576650
   0.0132356965
   0.0041338829
   0.0135834421
   0.0187357896
   0.0151515811
   0.0046787263
   0.0114967879
   0.0173930520
   0.0182583967
   0.0135325669
   0.0120332463
   0.0174818982
   0.0150602904
   0.0078040573
   0.0142690880
   0.0096817426
